{
  "design_name": "HexNav",
  "_units": "translations in cm; rotation 3x3 row-major",
  "_note": "transform = old 'relative to parent' (often buggy); transform2 = world pose (despite API doc claiming 'relative to parent', empirically the chain is already composed); world_position copied from transform2.translation as the canonical truth",
  "occurrences": {
    "top:1": {
      "clean_name": "top",
      "is_subassembly": false,
      "depth": 0,
      "transform_4x4_local": [
        1.0000000000000016,
        -1.5543122344752192e-15,
        1.3369774516655059e-17,
        -7.6463471651077155,
        0.0,
        1.0000000000000018,
        -1.3369774516655039e-17,
        -12.646345496177693,
        -3.4205290249416995e-16,
        3.7266920371452827e-16,
        0.9999999999999991,
        -0.1500000119209277,
        0.0,
        0.0,
        0.0,
        1.0
      ],
      "transform2_4x4_local": [
        1.0000000000000016,
        -1.5543122344752192e-15,
        1.3369774516655059e-17,
        -7.6463471651077155,
        0.0,
        1.0000000000000018,
        -1.3369774516655039e-17,
        -12.646345496177693,
        -3.4205290249416995e-16,
        3.7266920371452827e-16,
        0.9999999999999991,
        -0.1500000119209277,
        0.0,
        0.0,
        0.0,
        1.0
      ],
      "world_position_xyz_cm": [
        -7.6463471651077155,
        -12.646345496177693,
        -0.1500000119209277
      ],
      "world_rotation_3x3": [
        1.0000000000000016,
        -1.5543122344752192e-15,
        1.3369774516655059e-17,
        0.0,
        1.0000000000000018,
        -1.3369774516655039e-17,
        -3.4205290249416995e-16,
        3.7266920371452827e-16,
        0.9999999999999991
      ]
    },
    "bot:1": {
      "clean_name": "bot",
      "is_subassembly": false,
      "depth": 0,
      "transform_4x4_local": [
        -0.9999999999999993,
        -1.0269562977782702e-15,
        4.8283248508896366e-15,
        7.646347355308843,
        1.942890293094023e-15,
        0.9999999999999997,
        -7.748837632135406e-17,
        -12.646345847355697,
        -4.453227102903951e-15,
        3.2543703855631794e-16,
        -0.9999999999999994,
        -3.300001929438243,
        0.0,
        0.0,
        0.0,
        1.0
      ],
      "transform2_4x4_local": [
        -0.9999999999999993,
        -1.0269562977782702e-15,
        4.8283248508896366e-15,
        7.646347355308843,
        1.942890293094023e-15,
        0.9999999999999997,
        -7.748837632135406e-17,
        -12.646345847355697,
        -4.453227102903951e-15,
        3.2543703855631794e-16,
        -0.9999999999999994,
        -3.300001929438243,
        0.0,
        0.0,
        0.0,
        1.0
      ],
      "world_position_xyz_cm": [
        7.646347355308843,
        -12.646345847355697,
        -3.300001929438243
      ],
      "world_rotation_3x3": [
        -0.9999999999999993,
        -1.0269562977782702e-15,
        4.8283248508896366e-15,
        1.942890293094023e-15,
        0.9999999999999997,
        -7.748837632135406e-17,
        -4.453227102903951e-15,
        3.2543703855631794e-16,
        -0.9999999999999994
      ]
    },
    "leg_1_mx28_coxa:1": {
      "clean_name": "leg_1_mx28_coxa",
      "is_subassembly": false,
      "depth": 0,
      "transform_4x4_local": [
        -0.7071067811865466,
        -0.7071067811865426,
        4.5471545837163143e-17,
        -6.557698502533561,
        0.7071067811865445,
        -0.7071067811865442,
        -4.5471545837162724e-17,
        -11.55769778808891,
        -2.522171590962161e-16,
        -1.2255924321650769e-15,
        0.9999999999999892,
        -1.8000018881421993,
        0.0,
        0.0,
        0.0,
        1.0
      ],
      "transform2_4x4_local": [
        -0.7071067811865466,
        -0.7071067811865426,
        4.5471545837163143e-17,
        -6.557698502533561,
        0.7071067811865445,
        -0.7071067811865442,
        -4.5471545837162724e-17,
        -11.55769778808891,
        -2.522171590962161e-16,
        -1.2255924321650769e-15,
        0.9999999999999892,
        -1.8000018881421993,
        0.0,
        0.0,
        0.0,
        1.0
      ],
      "world_position_xyz_cm": [
        -6.557698502533561,
        -11.55769778808891,
        -1.8000018881421993
      ],
      "world_rotation_3x3": [
        -0.7071067811865466,
        -0.7071067811865426,
        4.5471545837163143e-17,
        0.7071067811865445,
        -0.7071067811865442,
        -4.5471545837162724e-17,
        -2.522171590962161e-16,
        -1.2255924321650769e-15,
        0.9999999999999892
      ]
    },
    "leg_1_coxa:1": {
      "clean_name": "leg_1_coxa",
      "is_subassembly": false,
      "depth": 0,
      "transform_4x4_local": [
        -0.7071067811865466,
        0.7071067811865472,
        1.6265213365989802e-15,
        -10.234653764703598,
        -0.707106781186546,
        -0.7071067811865456,
        3.1231036511671564e-16,
        -15.234653050258933,
        1.4858446746469116e-15,
        -6.360648847279242e-16,
        0.9999999999999999,
        -1.8000018881445792,
        0.0,
        0.0,
        0.0,
        1.0
      ],
      "transform2_4x4_local": [
        -0.7071067811865466,
        0.7071067811865472,
        1.6265213365989802e-15,
        -10.234653764703598,
        -0.707106781186546,
        -0.7071067811865456,
        3.1231036511671564e-16,
        -15.234653050258933,
        1.4858446746469116e-15,
        -6.360648847279242e-16,
        0.9999999999999999,
        -1.8000018881445792,
        0.0,
        0.0,
        0.0,
        1.0
      ],
      "world_position_xyz_cm": [
        -10.234653764703598,
        -15.234653050258933,
        -1.8000018881445792
      ],
      "world_rotation_3x3": [
        -0.7071067811865466,
        0.7071067811865472,
        1.6265213365989802e-15,
        -0.707106781186546,
        -0.7071067811865456,
        3.1231036511671564e-16,
        1.4858446746469116e-15,
        -6.360648847279242e-16,
        0.9999999999999999
      ]
    },
    "leg_1_mx28_femur:1": {
      "clean_name": "leg_1_mx28_femur",
      "is_subassembly": false,
      "depth": 0,
      "transform_4x4_local": [
        2.0747292772682613e-15,
        0.7071067811865367,
        -0.7071067811865364,
        -10.234653764705286,
        1.7555401576885288e-15,
        0.7071067811865364,
        0.7071067811865345,
        -15.23465305025723,
        0.999999999999989,
        -1.3739009929736312e-15,
        5.365819832859635e-16,
        -1.8000018881445776,
        0.0,
        0.0,
        0.0,
        1.0
      ],
      "transform2_4x4_local": [
        2.0747292772682613e-15,
        0.7071067811865367,
        -0.7071067811865364,
        -10.234653764705286,
        1.7555401576885288e-15,
        0.7071067811865364,
        0.7071067811865345,
        -15.23465305025723,
        0.999999999999989,
        -1.3739009929736312e-15,
        5.365819832859635e-16,
        -1.8000018881445776,
        0.0,
        0.0,
        0.0,
        1.0
      ],
      "world_position_xyz_cm": [
        -10.234653764705286,
        -15.23465305025723,
        -1.8000018881445776
      ],
      "world_rotation_3x3": [
        2.0747292772682613e-15,
        0.7071067811865367,
        -0.7071067811865364,
        1.7555401576885288e-15,
        0.7071067811865364,
        0.7071067811865345,
        0.999999999999989,
        -1.3739009929736312e-15,
        5.365819832859635e-16
      ]
    },
    "leg_1_femur:1": {
      "clean_name": "leg_1_femur",
      "is_subassembly": false,
      "depth": 0,
      "transform_4x4_local": [
        -5.023759186428833e-15,
        -0.7071067811865991,
        -0.7071067811868206,
        -12.766096041352668,
        1.0547118733938987e-15,
        -0.7071067811866857,
        0.707106781186819,
        -17.766095326905457,
        -1.0000000000008131,
        -8.01581023779363e-14,
        6.96367327610356e-16,
        -1.8000018881452708,
        0.0,
        0.0,
        0.0,
        1.0
      ],
      "transform2_4x4_local": [
        -5.023759186428833e-15,
        -0.7071067811865991,
        -0.7071067811868206,
        -12.766096041352668,
        1.0547118733938987e-15,
        -0.7071067811866857,
        0.707106781186819,
        -17.766095326905457,
        -1.0000000000008131,
        -8.01581023779363e-14,
        6.96367327610356e-16,
        -1.8000018881452708,
        0.0,
        0.0,
        0.0,
        1.0
      ],
      "world_position_xyz_cm": [
        -12.766096041352668,
        -17.766095326905457,
        -1.8000018881452708
      ],
      "world_rotation_3x3": [
        -5.023759186428833e-15,
        -0.7071067811865991,
        -0.7071067811868206,
        1.0547118733938987e-15,
        -0.7071067811866857,
        0.707106781186819,
        -1.0000000000008131,
        -8.01581023779363e-14,
        6.96367327610356e-16
      ]
    },
    "leg_1_mx28_tibia:1": {
      "clean_name": "leg_1_mx28_tibia",
      "is_subassembly": false,
      "depth": 0,
      "transform_4x4_local": [
        -0.45451947767187356,
        0.5416752204198351,
        -0.7071067811865405,
        -14.816705706796075,
        -0.4545194776718747,
        0.5416752204198335,
        0.7071067811865387,
        -19.816704992344583,
        0.7660444431191661,
        0.6427876096863007,
        5.922363052973109e-16,
        -3.3000018881467224,
        0.0,
        0.0,
        0.0,
        1.0
      ],
      "transform2_4x4_local": [
        -0.45451947767187356,
        0.5416752204198351,
        -0.7071067811865405,
        -14.816705706796075,
        -0.4545194776718747,
        0.5416752204198335,
        0.7071067811865387,
        -19.816704992344583,
        0.7660444431191661,
        0.6427876096863007,
        5.922363052973109e-16,
        -3.3000018881467224,
        0.0,
        0.0,
        0.0,
        1.0
      ],
      "world_position_xyz_cm": [
        -14.816705706796075,
        -19.816704992344583,
        -3.3000018881467224
      ],
      "world_rotation_3x3": [
        -0.45451947767187356,
        0.5416752204198351,
        -0.7071067811865405,
        -0.4545194776718747,
        0.5416752204198335,
        0.7071067811865387,
        0.7660444431191661,
        0.6427876096863007,
        5.922363052973109e-16
      ]
    },
    "leg_1_tibia:1": {
      "clean_name": "leg_1_tibia",
      "is_subassembly": false,
      "depth": 0,
      "transform_4x4_local": [
        0.5416752204198387,
        -0.4545194776718786,
        0.7071067811865466,
        -15.53713374995446,
        0.5416752204198387,
        -0.4545194776718779,
        -0.7071067811865445,
        -20.53713303550294,
        0.6427876096863063,
        0.766044443119173,
        -6.43415992326283e-16,
        -4.154909409029496,
        0.0,
        0.0,
        0.0,
        1.0
      ],
      "transform2_4x4_local": [
        0.5416752204198387,
        -0.4545194776718786,
        0.7071067811865466,
        -15.53713374995446,
        0.5416752204198387,
        -0.4545194776718779,
        -0.7071067811865445,
        -20.53713303550294,
        0.6427876096863063,
        0.766044443119173,
        -6.43415992326283e-16,
        -4.154909409029496,
        0.0,
        0.0,
        0.0,
        1.0
      ],
      "world_position_xyz_cm": [
        -15.53713374995446,
        -20.53713303550294,
        -4.154909409029496
      ],
      "world_rotation_3x3": [
        0.5416752204198387,
        -0.4545194776718786,
        0.7071067811865466,
        0.5416752204198387,
        -0.4545194776718779,
        -0.7071067811865445,
        0.6427876096863063,
        0.766044443119173,
        -6.43415992326283e-16
      ]
    },
    "leg_2_mx28_coxa:1": {
      "clean_name": "leg_2_mx28_coxa",
      "is_subassembly": false,
      "depth": 0,
      "transform_4x4_local": [
        -0.7071067811865445,
        0.7071067811865455,
        -5.279811788609482e-16,
        6.5576981085189825,
        -0.7071067811865457,
        -0.7071067811865455,
        -1.336977451664903e-17,
        -11.557697946761476,
        -7.347265214093729e-15,
        -5.926249487669707e-15,
        0.9999999999999809,
        -1.8000019541353833,
        0.0,
        0.0,
        0.0,
        1.0
      ],
      "transform2_4x4_local": [
        -0.7071067811865445,
        0.7071067811865455,
        -5.279811788609482e-16,
        6.5576981085189825,
        -0.7071067811865457,
        -0.7071067811865455,
        -1.336977451664903e-17,
        -11.557697946761476,
        -7.347265214093729e-15,
        -5.926249487669707e-15,
        0.9999999999999809,
        -1.8000019541353833,
        0.0,
        0.0,
        0.0,
        1.0
      ],
      "world_position_xyz_cm": [
        6.5576981085189825,
        -11.557697946761476,
        -1.8000019541353833
      ],
      "world_rotation_3x3": [
        -0.7071067811865445,
        0.7071067811865455,
        -5.279811788609482e-16,
        -0.7071067811865457,
        -0.7071067811865455,
        -1.336977451664903e-17,
        -7.347265214093729e-15,
        -5.926249487669707e-15,
        0.9999999999999809
      ]
    },
    "leg_2_femur:1": {
      "clean_name": "leg_2_femur",
      "is_subassembly": false,
      "depth": 0,
      "transform_4x4_local": [
        -4.211353093076184e-16,
        0.7071067811866956,
        -0.7071067811868107,
        12.76609564733475,
        -3.1374684847145723e-15,
        -0.707106781186596,
        -0.7071067811868293,
        -17.76609548558147,
        -1.0000000000007963,
        -8.550920452316432e-14,
        -7.467873872998525e-15,
        -1.800001954138501,
        0.0,
        0.0,
        0.0,
        1.0
      ],
      "transform2_4x4_local": [
        -4.211353093076184e-16,
        0.7071067811866956,
        -0.7071067811868107,
        12.76609564733475,
        -3.1374684847145723e-15,
        -0.707106781186596,
        -0.7071067811868293,
        -17.76609548558147,
        -1.0000000000007963,
        -8.550920452316432e-14,
        -7.467873872998525e-15,
        -1.800001954138501,
        0.0,
        0.0,
        0.0,
        1.0
      ],
      "world_position_xyz_cm": [
        12.76609564733475,
        -17.76609548558147,
        -1.800001954138501
      ],
      "world_rotation_3x3": [
        -4.211353093076184e-16,
        0.7071067811866956,
        -0.7071067811868107,
        -3.1374684847145723e-15,
        -0.707106781186596,
        -0.7071067811868293,
        -1.0000000000007963,
        -8.550920452316432e-14,
        -7.467873872998525e-15
      ]
    },
    "leg_2_tibia:1": {
      "clean_name": "leg_2_tibia",
      "is_subassembly": false,
      "depth": 0,
      "transform_4x4_local": [
        -0.541675220419845,
        0.4545194776718869,
        0.7071067811865366,
        15.537133355932303,
        0.5416752204198324,
        -0.4545194776718802,
        0.7071067811865557,
        -20.53713319418322,
        0.6427876096863057,
        0.7660444431191613,
        7.457897408942147e-15,
        -4.154909475022738,
        0.0,
        0.0,
        0.0,
        1.0
      ],
      "transform2_4x4_local": [
        -0.541675220419845,
        0.4545194776718869,
        0.7071067811865366,
        15.537133355932303,
        0.5416752204198324,
        -0.4545194776718802,
        0.7071067811865557,
        -20.53713319418322,
        0.6427876096863057,
        0.7660444431191613,
        7.457897408942147e-15,
        -4.154909475022738,
        0.0,
        0.0,
        0.0,
        1.0
      ],
      "world_position_xyz_cm": [
        15.537133355932303,
        -20.53713319418322,
        -4.154909475022738
      ],
      "world_rotation_3x3": [
        -0.541675220419845,
        0.4545194776718869,
        0.7071067811865366,
        0.5416752204198324,
        -0.4545194776718802,
        0.7071067811865557,
        0.6427876096863057,
        0.7660444431191613,
        7.457897408942147e-15
      ]
    },
    "leg_2_coxa:1": {
      "clean_name": "leg_2_coxa",
      "is_subassembly": false,
      "depth": 0,
      "transform_4x4_local": [
        0.7071067811865471,
        0.707106781186546,
        -7.330540661247406e-16,
        10.234653370689033,
        -0.7071067811865521,
        0.7071067811865472,
        -1.5306650242903607e-16,
        -15.234653208931565,
        -3.9403027135466295e-15,
        7.30223043735974e-15,
        0.9999999999999923,
        -1.8000019541377943,
        0.0,
        0.0,
        0.0,
        1.0
      ],
      "transform2_4x4_local": [
        0.7071067811865471,
        0.707106781186546,
        -7.330540661247406e-16,
        10.234653370689033,
        -0.7071067811865521,
        0.7071067811865472,
        -1.5306650242903607e-16,
        -15.234653208931565,
        -3.9403027135466295e-15,
        7.30223043735974e-15,
        0.9999999999999923,
        -1.8000019541377943,
        0.0,
        0.0,
        0.0,
        1.0
      ],
      "world_position_xyz_cm": [
        10.234653370689033,
        -15.234653208931565,
        -1.8000019541377943
      ],
      "world_rotation_3x3": [
        0.7071067811865471,
        0.707106781186546,
        -7.330540661247406e-16,
        -0.7071067811865521,
        0.7071067811865472,
        -1.5306650242903607e-16,
        -3.9403027135466295e-15,
        7.30223043735974e-15,
        0.9999999999999923
      ]
    },
    "leg_2_mx28_tibia:1": {
      "clean_name": "leg_2_mx28_tibia",
      "is_subassembly": false,
      "depth": 0,
      "transform_4x4_local": [
        0.45451947767188366,
        -0.5416752204198403,
        -0.7071067811865314,
        14.816705312773905,
        -0.45451947767187517,
        0.5416752204198291,
        -0.7071067811865498,
        -19.81670515102486,
        0.7660444431191543,
        0.6427876096862996,
        -7.438292138111432e-15,
        -3.300001954139944,
        0.0,
        0.0,
        0.0,
        1.0
      ],
      "transform2_4x4_local": [
        0.45451947767188366,
        -0.5416752204198403,
        -0.7071067811865314,
        14.816705312773905,
        -0.45451947767187517,
        0.5416752204198291,
        -0.7071067811865498,
        -19.81670515102486,
        0.7660444431191543,
        0.6427876096862996,
        -7.438292138111432e-15,
        -3.300001954139944,
        0.0,
        0.0,
        0.0,
        1.0
      ],
      "world_position_xyz_cm": [
        14.816705312773905,
        -19.81670515102486,
        -3.300001954139944
      ],
      "world_rotation_3x3": [
        0.45451947767188366,
        -0.5416752204198403,
        -0.7071067811865314,
        -0.45451947767187517,
        0.5416752204198291,
        -0.7071067811865498,
        0.7660444431191543,
        0.6427876096862996,
        -7.438292138111432e-15
      ]
    },
    "leg_2_mx28_femur:1": {
      "clean_name": "leg_2_mx28_femur",
      "is_subassembly": false,
      "depth": 0,
      "transform_4x4_local": [
        -2.190012691011258e-15,
        -0.7071067811865467,
        -0.7071067811865267,
        10.234653370687315,
        3.531292731464317e-16,
        0.7071067811865341,
        -0.7071067811865454,
        -15.234653208933231,
        0.9999999999999816,
        4.001535053503855e-15,
        -7.370417497940616e-15,
        -1.8000019541377954,
        0.0,
        0.0,
        0.0,
        1.0
      ],
      "transform2_4x4_local": [
        -2.190012691011258e-15,
        -0.7071067811865467,
        -0.7071067811865267,
        10.234653370687315,
        3.531292731464317e-16,
        0.7071067811865341,
        -0.7071067811865454,
        -15.234653208933231,
        0.9999999999999816,
        4.001535053503855e-15,
        -7.370417497940616e-15,
        -1.8000019541377954,
        0.0,
        0.0,
        0.0,
        1.0
      ],
      "world_position_xyz_cm": [
        10.234653370687315,
        -15.234653208933231,
        -1.8000019541377954
      ],
      "world_rotation_3x3": [
        -2.190012691011258e-15,
        -0.7071067811865467,
        -0.7071067811865267,
        3.531292731464317e-16,
        0.7071067811865341,
        -0.7071067811865454,
        0.9999999999999816,
        4.001535053503855e-15,
        -7.370417497940616e-15
      ]
    },
    "leg_3_mx28_coxa:1": {
      "clean_name": "leg_3_mx28_coxa",
      "is_subassembly": false,
      "depth": 0,
      "transform_4x4_local": [
        3.8042145953709914e-16,
        0.9999999999999978,
        -3.6126328351717113e-16,
        6.977999548013839,
        -0.999999999999996,
        6.123233995736698e-17,
        7.748837632125778e-17,
        -4.56723217912014e-07,
        -6.8110482481398e-15,
        -5.623375644418388e-15,
        0.9999999999999797,
        -1.8000000119209218,
        0.0,
        0.0,
        0.0,
        1.0
      ],
      "transform2_4x4_local": [
        3.8042145953709914e-16,
        0.9999999999999978,
        -3.6126328351717113e-16,
        6.977999548013839,
        -0.999999999999996,
        6.123233995736698e-17,
        7.748837632125778e-17,
        -4.56723217912014e-07,
        -6.8110482481398e-15,
        -5.623375644418388e-15,
        0.9999999999999797,
        -1.8000000119209218,
        0.0,
        0.0,
        0.0,
        1.0
      ],
      "world_position_xyz_cm": [
        6.977999548013839,
        -4.56723217912014e-07,
        -1.8000000119209218
      ],
      "world_rotation_3x3": [
        3.8042145953709914e-16,
        0.9999999999999978,
        -3.6126328351717113e-16,
        -0.999999999999996,
        6.123233995736698e-17,
        7.748837632125778e-17,
        -6.8110482481398e-15,
        -5.623375644418388e-15,
        0.9999999999999797
      ]
    },
    "leg_3_femur:1": {
      "clean_name": "leg_3_femur",
      "is_subassembly": false,
      "depth": 0,
      "transform_4x4_local": [
        1.9181156781216126e-15,
        1.0000000000001381,
        1.2073675392798432e-14,
        15.757999548013798,
        -3.2544580976680656e-15,
        7.004119506603949e-14,
        -1.000000000000384,
        -4.5672500320614873e-07,
        -1.0000000000007938,
        -8.520633067991293e-14,
        -6.653792990142426e-15,
        -1.8000000119240331,
        0.0,
        0.0,
        0.0,
        1.0
      ],
      "transform2_4x4_local": [
        1.9181156781216126e-15,
        1.0000000000001381,
        1.2073675392798432e-14,
        15.757999548013798,
        -3.2544580976680656e-15,
        7.004119506603949e-14,
        -1.000000000000384,
        -4.5672500320614873e-07,
        -1.0000000000007938,
        -8.520633067991293e-14,
        -6.653792990142426e-15,
        -1.8000000119240331,
        0.0,
        0.0,
        0.0,
        1.0
      ],
      "world_position_xyz_cm": [
        15.757999548013798,
        -4.5672500320614873e-07,
        -1.8000000119240331
      ],
      "world_rotation_3x3": [
        1.9181156781216126e-15,
        1.0000000000001381,
        1.2073675392798432e-14,
        -3.2544580976680656e-15,
        7.004119506603949e-14,
        -1.000000000000384,
        -1.0000000000007938,
        -8.520633067991293e-14,
        -6.653792990142426e-15
      ]
    },
    "leg_3_tibia:1": {
      "clean_name": "leg_3_tibia",
      "is_subassembly": false,
      "depth": 0,
      "transform_4x4_local": [
        -0.766044443119172,
        0.642787609686313,
        -1.2292283675962551e-14,
        19.676838657362673,
        -7.536212669035662e-15,
        4.8834404135747755e-15,
        0.9999999999999976,
        -4.567279761790972e-07,
        0.6427876096863051,
        0.7660444431191599,
        6.628026765428347e-15,
        -4.154907532808245,
        0.0,
        0.0,
        0.0,
        1.0
      ],
      "transform2_4x4_local": [
        -0.766044443119172,
        0.642787609686313,
        -1.2292283675962551e-14,
        19.676838657362673,
        -7.536212669035662e-15,
        4.8834404135747755e-15,
        0.9999999999999976,
        -4.567279761790972e-07,
        0.6427876096863051,
        0.7660444431191599,
        6.628026765428347e-15,
        -4.154907532808245,
        0.0,
        0.0,
        0.0,
        1.0
      ],
      "world_position_xyz_cm": [
        19.676838657362673,
        -4.567279761790972e-07,
        -4.154907532808245
      ],
      "world_rotation_3x3": [
        -0.766044443119172,
        0.642787609686313,
        -1.2292283675962551e-14,
        -7.536212669035662e-15,
        4.8834404135747755e-15,
        0.9999999999999976,
        0.6427876096863051,
        0.7660444431191599,
        6.628026765428347e-15
      ]
    },
    "leg_3_mx28_tibia:1": {
      "clean_name": "leg_3_mx28_tibia",
      "is_subassembly": false,
      "depth": 0,
      "transform_4x4_local": [
        0.642787609686307,
        -0.7660444431191666,
        1.1936888167096753e-14,
        18.657999548014203,
        6.284448647025097e-15,
        -7.020328931711588e-15,
        -0.9999999999999893,
        -4.5672799913050256e-07,
        0.766044443119153,
        0.6427876096862988,
        -6.6280267654282895e-15,
        -3.300000011925471,
        0.0,
        0.0,
        0.0,
        1.0
      ],
      "transform2_4x4_local": [
        0.642787609686307,
        -0.7660444431191666,
        1.1936888167096753e-14,
        18.657999548014203,
        6.284448647025097e-15,
        -7.020328931711588e-15,
        -0.9999999999999893,
        -4.5672799913050256e-07,
        0.766044443119153,
        0.6427876096862988,
        -6.6280267654282895e-15,
        -3.300000011925471,
        0.0,
        0.0,
        0.0,
        1.0
      ],
      "world_position_xyz_cm": [
        18.657999548014203,
        -4.5672799913050256e-07,
        -3.300000011925471
      ],
      "world_rotation_3x3": [
        0.642787609686307,
        -0.7660444431191666,
        1.1936888167096753e-14,
        6.284448647025097e-15,
        -7.020328931711588e-15,
        -0.9999999999999893,
        0.766044443119153,
        0.6427876096862988,
        -6.6280267654282895e-15
      ]
    },
    "leg_3_mx28_femur:1": {
      "clean_name": "leg_3_mx28_femur",
      "is_subassembly": false,
      "depth": 0,
      "transform_4x4_local": [
        -1.795650998205352e-15,
        -0.9999999999999905,
        1.2129186544029854e-14,
        12.177999548013833,
        -7.556402477729606e-16,
        -8.368306048112102e-15,
        -0.9999999999999831,
        -4.567256314258472e-07,
        0.9999999999999806,
        3.698661210252551e-15,
        -6.751249365194674e-15,
        -1.8000000119233286,
        0.0,
        0.0,
        0.0,
        1.0
      ],
      "transform2_4x4_local": [
        -1.795650998205352e-15,
        -0.9999999999999905,
        1.2129186544029854e-14,
        12.177999548013833,
        -7.556402477729606e-16,
        -8.368306048112102e-15,
        -0.9999999999999831,
        -4.567256314258472e-07,
        0.9999999999999806,
        3.698661210252551e-15,
        -6.751249365194674e-15,
        -1.8000000119233286,
        0.0,
        0.0,
        0.0,
        1.0
      ],
      "world_position_xyz_cm": [
        12.177999548013833,
        -4.567256314258472e-07,
        -1.8000000119233286
      ],
      "world_rotation_3x3": [
        -1.795650998205352e-15,
        -0.9999999999999905,
        1.2129186544029854e-14,
        -7.556402477729606e-16,
        -8.368306048112102e-15,
        -0.9999999999999831,
        0.9999999999999806,
        3.698661210252551e-15,
        -6.751249365194674e-15
      ]
    },
    "leg_3_coxa:1": {
      "clean_name": "leg_3_coxa",
      "is_subassembly": false,
      "depth": 0,
      "transform_4x4_local": [
        1.0000000000000024,
        -3.1918911957973246e-16,
        -4.0749120912248244e-16,
        12.177999548013858,
        -3.4416913763379774e-15,
        0.9999999999999986,
        -8.334938972492767e-17,
        -4.567232356200712e-07,
        -3.6374288702953075e-15,
        6.683062304613849e-15,
        0.9999999999999911,
        -1.8000000119233288,
        0.0,
        0.0,
        0.0,
        1.0
      ],
      "transform2_4x4_local": [
        1.0000000000000024,
        -3.1918911957973246e-16,
        -4.0749120912248244e-16,
        12.177999548013858,
        -3.4416913763379774e-15,
        0.9999999999999986,
        -8.334938972492767e-17,
        -4.567232356200712e-07,
        -3.6374288702953075e-15,
        6.683062304613849e-15,
        0.9999999999999911,
        -1.8000000119233288,
        0.0,
        0.0,
        0.0,
        1.0
      ],
      "world_position_xyz_cm": [
        12.177999548013858,
        -4.567232356200712e-07,
        -1.8000000119233288
      ],
      "world_rotation_3x3": [
        1.0000000000000024,
        -3.1918911957973246e-16,
        -4.0749120912248244e-16,
        -3.4416913763379774e-15,
        0.9999999999999986,
        -8.334938972492767e-17,
        -3.6374288702953075e-15,
        6.683062304613849e-15,
        0.9999999999999911
      ]
    },
    "leg_4_mx28_femur:1": {
      "clean_name": "leg_4_mx28_femur",
      "is_subassembly": false,
      "depth": 0,
      "transform_4x4_local": [
        -1.8318727893992503e-15,
        -0.7071067811865385,
        0.707106781186535,
        10.234653709177618,
        -1.4672324707370774e-15,
        -0.7071067811865368,
        -0.7071067811865344,
        15.234653257375822,
        0.999999999999982,
        3.3797469208850865e-15,
        -4.990392901615787e-15,
        -1.8000000119233235,
        0.0,
        0.0,
        0.0,
        1.0
      ],
      "transform2_4x4_local": [
        -1.8318727893992503e-15,
        -0.7071067811865385,
        0.707106781186535,
        10.234653709177618,
        -1.4672324707370774e-15,
        -0.7071067811865368,
        -0.7071067811865344,
        15.234653257375822,
        0.999999999999982,
        3.3797469208850865e-15,
        -4.990392901615787e-15,
        -1.8000000119233235,
        0.0,
        0.0,
        0.0,
        1.0
      ],
      "world_position_xyz_cm": [
        10.234653709177618,
        15.234653257375822,
        -1.8000000119233235
      ],
      "world_rotation_3x3": [
        -1.8318727893992503e-15,
        -0.7071067811865385,
        0.707106781186535,
        -1.4672324707370774e-15,
        -0.7071067811865368,
        -0.7071067811865344,
        0.999999999999982,
        3.3797469208850865e-15,
        -4.990392901615787e-15
      ]
    },
    "leg_4_femur:1": {
      "clean_name": "leg_4_femur",
      "is_subassembly": false,
      "depth": 0,
      "transform_4x4_local": [
        4.754036128311048e-15,
        0.7071067811865986,
        0.707106781186818,
        12.766095985825002,
        -1.2817396569249124e-15,
        0.707106781186684,
        -0.7071067811868174,
        17.766095534024046,
        -1.0000000000007958,
        -8.488741639054564e-14,
        -4.892936526562825e-15,
        -1.8000000119240271,
        0.0,
        0.0,
        0.0,
        1.0
      ],
      "transform2_4x4_local": [
        4.754036128311048e-15,
        0.7071067811865986,
        0.707106781186818,
        12.766095985825002,
        -1.2817396569249124e-15,
        0.707106781186684,
        -0.7071067811868174,
        17.766095534024046,
        -1.0000000000007958,
        -8.488741639054564e-14,
        -4.892936526562825e-15,
        -1.8000000119240271,
        0.0,
        0.0,
        0.0,
        1.0
      ],
      "world_position_xyz_cm": [
        12.766095985825002,
        17.766095534024046,
        -1.8000000119240271
      ],
      "world_rotation_3x3": [
        4.754036128311048e-15,
        0.7071067811865986,
        0.707106781186818,
        -1.2817396569249124e-15,
        0.707106781186684,
        -0.7071067811868174,
        -1.0000000000007958,
        -8.488741639054564e-14,
        -4.892936526562825e-15
      ]
    },
    "leg_4_tibia:1": {
      "clean_name": "leg_4_tibia",
      "is_subassembly": false,
      "depth": 0,
      "transform_4x4_local": [
        -0.5416752204198358,
        0.4545194776718813,
        -0.707106781186545,
        15.537133694426755,
        -0.5416752204198365,
        0.4545194776718807,
        0.7071067811865434,
        20.53713324262153,
        0.6427876096863044,
        0.7660444431191622,
        4.884546997081659e-15,
        -4.154907532808249,
        0.0,
        0.0,
        0.0,
        1.0
      ],
      "transform2_4x4_local": [
        -0.5416752204198358,
        0.4545194776718813,
        -0.707106781186545,
        15.537133694426755,
        -0.5416752204198365,
        0.4545194776718807,
        0.7071067811865434,
        20.53713324262153,
        0.6427876096863044,
        0.7660444431191622,
        4.884546997081659e-15,
        -4.154907532808249,
        0.0,
        0.0,
        0.0,
        1.0
      ],
      "world_position_xyz_cm": [
        15.537133694426755,
        20.53713324262153,
        -4.154907532808249
      ],
      "world_rotation_3x3": [
        -0.5416752204198358,
        0.4545194776718813,
        -0.707106781186545,
        -0.5416752204198365,
        0.4545194776718807,
        0.7071067811865434,
        0.6427876096863044,
        0.7660444431191622,
        4.884546997081659e-15
      ]
    },
    "leg_4_mx28_coxa:1": {
      "clean_name": "leg_4_mx28_coxa",
      "is_subassembly": false,
      "depth": 0,
      "transform_4x4_local": [
        0.7071067811865435,
        0.7071067811865419,
        -1.4653737417361733e-15,
        6.5576984470058814,
        -0.7071067811865437,
        0.7071067811865438,
        7.74883763212592e-17,
        11.557697995207478,
        -5.050191784560886e-15,
        -5.221510188258905e-15,
        0.9999999999999818,
        -1.8000000119209179,
        0.0,
        0.0,
        0.0,
        1.0
      ],
      "transform2_4x4_local": [
        0.7071067811865435,
        0.7071067811865419,
        -1.4653737417361733e-15,
        6.5576984470058814,
        -0.7071067811865437,
        0.7071067811865438,
        7.74883763212592e-17,
        11.557697995207478,
        -5.050191784560886e-15,
        -5.221510188258905e-15,
        0.9999999999999818,
        -1.8000000119209179,
        0.0,
        0.0,
        0.0,
        1.0
      ],
      "world_position_xyz_cm": [
        6.5576984470058814,
        11.557697995207478,
        -1.8000000119209179
      ],
      "world_rotation_3x3": [
        0.7071067811865435,
        0.7071067811865419,
        -1.4653737417361733e-15,
        -0.7071067811865437,
        0.7071067811865438,
        7.74883763212592e-17,
        -5.050191784560886e-15,
        -5.221510188258905e-15,
        0.9999999999999818
      ]
    },
    "leg_4_mx28_tibia:1": {
      "clean_name": "leg_4_mx28_tibia",
      "is_subassembly": false,
      "depth": 0,
      "transform_4x4_local": [
        0.454519477671876,
        -0.5416752204198323,
        0.7071067811865386,
        14.816705651268403,
        0.45451947767187756,
        -0.5416752204198316,
        -0.7071067811865378,
        19.816705199463158,
        0.7660444431191551,
        0.6427876096862991,
        -4.910664180182572e-15,
        -3.3000000119254707,
        0.0,
        0.0,
        0.0,
        1.0
      ],
      "transform2_4x4_local": [
        0.454519477671876,
        -0.5416752204198323,
        0.7071067811865386,
        14.816705651268403,
        0.45451947767187756,
        -0.5416752204198316,
        -0.7071067811865378,
        19.816705199463158,
        0.7660444431191551,
        0.6427876096862991,
        -4.910664180182572e-15,
        -3.3000000119254707,
        0.0,
        0.0,
        0.0,
        1.0
      ],
      "world_position_xyz_cm": [
        14.816705651268403,
        19.816705199463158,
        -3.3000000119254707
      ],
      "world_rotation_3x3": [
        0.454519477671876,
        -0.5416752204198323,
        0.7071067811865386,
        0.45451947767187756,
        -0.5416752204198316,
        -0.7071067811865378,
        0.7660444431191551,
        0.6427876096862991,
        -4.910664180182572e-15
      ]
    },
    "leg_4_coxa:1": {
      "clean_name": "leg_4_coxa",
      "is_subassembly": false,
      "depth": 0,
      "transform_4x4_local": [
        0.7071067811865469,
        -0.7071067811865449,
        -1.3256770138238058e-15,
        10.234653709175925,
        0.7071067811865441,
        0.7071067811865451,
        -1.0273845850661239e-17,
        15.234653257377515,
        -3.31851458092776e-15,
        4.922205841034928e-15,
        0.9999999999999929,
        -1.8000000119233235,
        0.0,
        0.0,
        0.0,
        1.0
      ],
      "transform2_4x4_local": [
        0.7071067811865469,
        -0.7071067811865449,
        -1.3256770138238058e-15,
        10.234653709175925,
        0.7071067811865441,
        0.7071067811865451,
        -1.0273845850661239e-17,
        15.234653257377515,
        -3.31851458092776e-15,
        4.922205841034928e-15,
        0.9999999999999929,
        -1.8000000119233235,
        0.0,
        0.0,
        0.0,
        1.0
      ],
      "world_position_xyz_cm": [
        10.234653709175925,
        15.234653257377515,
        -1.8000000119233235
      ],
      "world_rotation_3x3": [
        0.7071067811865469,
        -0.7071067811865449,
        -1.3256770138238058e-15,
        0.7071067811865441,
        0.7071067811865451,
        -1.0273845850661239e-17,
        -3.31851458092776e-15,
        4.922205841034928e-15,
        0.9999999999999929
      ]
    },
    "leg_5_coxa:1": {
      "clean_name": "leg_5_coxa",
      "is_subassembly": false,
      "depth": 0,
      "transform_4x4_local": [
        -0.7071067811865451,
        -0.7071067811865468,
        -1.0609430186434374e-14,
        -10.234653370688983,
        0.7071067811865515,
        -0.7071067811865464,
        2.1718510423374536e-16,
        15.234653208931558,
        -1.0126822990600078e-14,
        -1.492025962562543e-17,
        0.9999999999999902,
        -1.8000000119233732,
        0.0,
        0.0,
        0.0,
        1.0
      ],
      "transform2_4x4_local": [
        -0.7071067811865451,
        -0.7071067811865468,
        -1.0609430186434374e-14,
        -10.234653370688983,
        0.7071067811865515,
        -0.7071067811865464,
        2.1718510423374536e-16,
        15.234653208931558,
        -1.0126822990600078e-14,
        -1.492025962562543e-17,
        0.9999999999999902,
        -1.8000000119233732,
        0.0,
        0.0,
        0.0,
        1.0
      ],
      "world_position_xyz_cm": [
        -10.234653370688983,
        15.234653208931558,
        -1.8000000119233732
      ],
      "world_rotation_3x3": [
        -0.7071067811865451,
        -0.7071067811865468,
        -1.0609430186434374e-14,
        0.7071067811865515,
        -0.7071067811865464,
        2.1718510423374536e-16,
        -1.0126822990600078e-14,
        -1.492025962562543e-17,
        0.9999999999999902
      ]
    },
    "leg_5_mx28_coxa:1": {
      "clean_name": "leg_5_mx28_coxa",
      "is_subassembly": false,
      "depth": 0,
      "transform_4x4_local": [
        0.7071067811865451,
        -0.7071067811865441,
        -1.0732749604688569e-14,
        -6.557698108518951,
        0.7071067811865447,
        0.7071067811865448,
        7.748837632135885e-17,
        11.557697946761493,
        -8.79229494305032e-17,
        -1.2196910655055359e-14,
        0.9999999999999793,
        -1.8000000119209334,
        0.0,
        0.0,
        0.0,
        1.0
      ],
      "transform2_4x4_local": [
        0.7071067811865451,
        -0.7071067811865441,
        -1.0732749604688569e-14,
        -6.557698108518951,
        0.7071067811865447,
        0.7071067811865448,
