{
  "design_name": "HexNav",
  "design_name_clean": "HexNav",
  "root_component_name": "HexNav",
  "export_timestamp": "2026-06-24T12:20:51.967726",
  "exporter_version": "3.0.0",
  "document_length_unit": "mm",
  "occurrences": {
    "top:1": {
      "full_path": "top:1",
      "component_name": "top",
      "clean_name": "top",
      "path_segments": [
        "top"
      ],
      "parent_path": null,
      "depth": 0,
      "is_subassembly": false,
      "child_count": 0,
      "is_frame_only": false,
      "is_collision_geometry": false,
      "collision_override": "",
      "local_transform": {
        "translation": [
          -0.07646347165107716,
          -0.12646345496177694,
          -0.001500000119209277
        ],
        "rotation": [
          1.0000000000000016,
          -1.5543122344752192e-15,
          1.3369774516655059e-17,
          0.0,
          1.0000000000000018,
          -1.3369774516655039e-17,
          -3.4205290249416995e-16,
          3.7266920371452827e-16,
          0.9999999999999991
        ]
      },
      "transform2": {
        "translation": [
          -0.07646347165107716,
          -0.12646345496177694,
          -0.001500000119209277
        ],
        "rotation": [
          1.0000000000000016,
          -1.5543122344752192e-15,
          1.3369774516655059e-17,
          0.0,
          1.0000000000000018,
          -1.3369774516655039e-17,
          -3.4205290249416995e-16,
          3.7266920371452827e-16,
          0.9999999999999991
        ]
      },
      "global_position": [
        -0.07646347165107716,
        -0.12646345496177694,
        -0.001500000119209277
      ],
      "global_transform": {
        "translation": [
          -0.07646347165107716,
          -0.12646345496177694,
          -0.001500000119209277
        ],
        "rotation": [
          1,
          0,
          0,
          0,
          1,
          0,
          0,
          0,
          1
        ]
      },
      "assembly_context_depth": 0,
      "mass_kg": 0.241307076511515,
      "volume_m3": 3.073975496961975e-05,
      "density_kg_m3": 7849.999999999999,
      "area_m2": 0.029897330389621238,
      "body_count": 1,
      "bodies": [
        {
          "name": "Body3",
          "exclude_from_collision": false,
          "mass_kg": 0.241307076511515,
          "volume_m3": 3.073975496961975e-05,
          "density_kg_m3": 7.85,
          "area_m2": 0.029897330389621238,
          "com_component_local": [
            0.07646347165139021,
            0.1264634549617773,
            -9.266465737401432e-05
          ],
          "inertia_at_origin": {
            "ixx": 0.005116979450198948,
            "ixy": -0.0023333988326577904,
            "ixz": 1.7097719767501094e-06,
            "iyy": 0.001803019944011222,
            "iyz": 2.8278034818538284e-06,
            "izz": 0.0069196374203493735
          },
          "bbox_min": [
            7.6127052307128906e-06,
            7.599592208862305e-06,
            -0.0014999999999999918
          ],
          "bbox_max": [
            0.15291933059692384,
            0.2529193103313446,
            0.001500000119209291
          ],
          "material_name": "Steel",
          "inertia_source": "api"
        }
      ],
      "collision_excluded_body_names": [],
      "collision_body_count": 1,
      "com_component_local": [
        0.07646347165139021,
        0.1264634549617773,
        -9.266465737401432e-05
      ],
      "com_global": [
        3.130551373686785e-13,
        3.608224830031759e-16,
        -0.0015926647765832913
      ],
      "inertia_at_origin": {
        "ixx": 0.005116979450198948,
        "ixy": -0.0023333988326577904,
        "ixz": 1.7097719767501094e-06,
        "iyy": 0.001803019944011222,
        "iyz": 2.8278034818538284e-06,
        "izz": 0.0069196374203493735
      },
      "inertia_at_com": {
        "ixx": 0.0012577519905891633,
        "ixy": 7.341015859432809e-10,
        "ixz": 4.9147180940299455e-17,
        "iyy": 0.00039217683747393216,
        "iyz": 2.202285662861181e-20,
        "izz": 0.0016495709982839368
      },
      "bbox_size": [
        0.1529117178916931,
        0.25291171073913576,
        0.0030000001192092827
      ],
      "bbox_min": [
        7.6127052307128906e-06,
        7.599592208862305e-06,
        -0.0014999999999999918
      ],
      "bbox_max": [
        0.15291933059692384,
        0.2529193103313446,
        0.001500000119209291
      ],
      "collision_bbox_size": [
        0.1529117178916931,
        0.25291171073913576,
        0.0030000001192092827
      ],
      "collision_bbox_min": [
        7.6127052307128906e-06,
        7.599592208862305e-06,
        -0.0014999999999999918
      ],
      "collision_bbox_max": [
        0.15291933059692384,
        0.2529193103313446,
        0.001500000119209291
      ],
      "collision_volume_m3": 3.073975496961975e-05,
      "material_name": "Steel",
      "appearance_name": "Steel_Satin",
      "appearance_color_rgb": [
        0.6274509803921569,
        0.6274509803921569,
        0.6274509803921569
      ]
    },
    "bot:1": {
      "full_path": "bot:1",
      "component_name": "bot",
      "clean_name": "bot",
      "path_segments": [
        "bot"
      ],
      "parent_path": null,
      "depth": 0,
      "is_subassembly": false,
      "child_count": 0,
      "is_frame_only": false,
      "is_collision_geometry": false,
      "collision_override": "",
      "local_transform": {
        "translation": [
          0.07646347355308843,
          -0.12646345847355697,
          -0.033000019294382434
        ],
        "rotation": [
          -0.9999999999999993,
          -1.0269562977782702e-15,
          4.8283248508896366e-15,
          1.942890293094023e-15,
          0.9999999999999997,
          -7.748837632135406e-17,
          -4.453227102903951e-15,
          3.2543703855631794e-16,
          -0.9999999999999994
        ]
      },
      "transform2": {
        "translation": [
          0.07646347355308843,
          -0.12646345847355697,
          -0.033000019294382434
        ],
        "rotation": [
          -0.9999999999999993,
          -1.0269562977782702e-15,
          4.8283248508896366e-15,
          1.942890293094023e-15,
          0.9999999999999997,
          -7.748837632135406e-17,
          -4.453227102903951e-15,
          3.2543703855631794e-16,
          -0.9999999999999994
        ]
      },
      "global_position": [
        0.07646347355308843,
        -0.12646345847355697,
        -0.033000019294382434
      ],
      "global_transform": {
        "translation": [
          0.07646347355308843,
          -0.12646345847355697,
          -0.033000019294382434
        ],
        "rotation": [
          1,
          0,
          0,
          0,
          1,
          0,
          0,
          0,
          1
        ]
      },
      "assembly_context_depth": 0,
      "mass_kg": 0.24131256658185135,
      "volume_m3": 3.074045434163712e-05,
      "density_kg_m3": 7849.999999999998,
      "area_m2": 0.029897020872014207,
      "body_count": 1,
      "bodies": [
        {
          "name": "Body3",
          "exclude_from_collision": false,
          "mass_kg": 0.24131256658185135,
          "volume_m3": 3.074045434163712e-05,
          "density_kg_m3": 7.85,
          "area_m2": 0.029897020872014207,
          "com_component_local": [
            0.07646349646456498,
            0.1264634911203997,
            0.001407320445504824
          ],
          "inertia_at_origin": {
            "ixx": 0.005117541928760941,
            "ixy": -0.0023334541927404386,
            "ixz": -2.596731356098589e-05,
            "iyy": 0.0018035301828602467,
            "iyz": -4.294751424059837e-05,
            "izz": 0.006919758411422664
          },
          "bbox_min": [
            7.6127052307128906e-06,
            7.599592208862305e-06,
            6.938893903907228e-18
          ],
          "bbox_max": [
            0.15291933059692384,
            0.2529193103313446,
            0.0030000001192092896
          ],
          "material_name": "Steel",
          "inertia_source": "api"
        }
      ],
      "collision_excluded_body_names": [],
      "collision_body_count": 1,
      "com_component_local": [
        0.07646349646456498,
        0.1264634911203997,
        0.001407320445504824
      ],
      "com_global": [
        0.1529269700176534,
        3.2646842729189274e-08,
        -0.03159269884887761
      ],
      "inertia_at_origin": {
        "ixx": 0.005117541928760941,
        "ixy": -0.0023334541927404386,
        "ixz": -2.596731356098589e-05,
        "iyy": 0.0018035301828602467,
        "iyz": -4.294751424059837e-05,
        "izz": 0.006919758411422664
      },
      "inertia_at_com": {
        "ixx": 0.0012577485997400024,
        "ixy": -1.1349418497022534e-10,
        "ixz": 4.004551105594913e-12,
        "iyy": 0.0003921782022843416,
        "iyz": 6.945432320633674e-12,
        "izz": 0.0016495689654369445
      },
      "bbox_size": [
        0.1529117178916931,
        0.25291171073913576,
        0.0030000001192092827
      ],
      "bbox_min": [
        7.6127052307128906e-06,
        7.599592208862305e-06,
        6.938893903907228e-18
      ],
      "bbox_max": [
        0.15291933059692384,
        0.2529193103313446,
        0.0030000001192092896
      ],
      "collision_bbox_size": [
        0.1529117178916931,
        0.25291171073913576,
        0.0030000001192092827
      ],
      "collision_bbox_min": [
        7.6127052307128906e-06,
        7.599592208862305e-06,
        6.938893903907228e-18
      ],
      "collision_bbox_max": [
        0.15291933059692384,
        0.2529193103313446,
        0.0030000001192092896
      ],
      "collision_volume_m3": 3.074045434163712e-05,
      "material_name": "Steel",
      "appearance_name": "Steel_Satin",
      "appearance_color_rgb": [
        0.6274509803921569,
        0.6274509803921569,
        0.6274509803921569
      ]
    },
    "leg_1_mx28_coxa:1": {
      "full_path": "leg_1_mx28_coxa:1",
      "component_name": "leg_1_mx28_coxa",
      "clean_name": "leg_1_mx28_coxa",
      "path_segments": [
        "leg_1_mx28_coxa"
      ],
      "parent_path": null,
      "depth": 0,
      "is_subassembly": false,
      "child_count": 0,
      "is_frame_only": false,
      "is_collision_geometry": false,
      "collision_override": "",
      "local_transform": {
        "translation": [
          -0.06557698502533561,
          -0.11557697788088911,
          -0.018000018881421994
        ],
        "rotation": [
          -0.7071067811865466,
          -0.7071067811865426,
          4.5471545837163143e-17,
          0.7071067811865445,
          -0.7071067811865442,
          -4.5471545837162724e-17,
          -2.522171590962161e-16,
          -1.2255924321650769e-15,
          0.9999999999999892
        ]
      },
      "transform2": {
        "translation": [
          -0.06557698502533561,
          -0.11557697788088911,
          -0.018000018881421994
        ],
        "rotation": [
          -0.7071067811865466,
          -0.7071067811865426,
          4.5471545837163143e-17,
          0.7071067811865445,
          -0.7071067811865442,
          -4.5471545837162724e-17,
          -2.522171590962161e-16,
          -1.2255924321650769e-15,
          0.9999999999999892
        ]
      },
      "global_position": [
        -0.06557698502533561,
        -0.11557697788088911,
        -0.018000018881421994
      ],
      "global_transform": {
        "translation": [
          -0.06557698502533561,
          -0.11557697788088911,
          -0.018000018881421994
        ],
        "rotation": [
          1,
          0,
          0,
          0,
          1,
          0,
          0,
          0,
          1
        ]
      },
      "assembly_context_depth": 0,
      "mass_kg": 0.07393243801668652,
      "volume_m3": 4.443055169272026e-05,
      "density_kg_m3": 1664.0,
      "area_m2": 0.011414763383120502,
      "body_count": 1,
      "bodies": [
        {
          "name": "Body1",
          "exclude_from_collision": false,
          "mass_kg": 0.07393243801668652,
          "volume_m3": 4.443055169272026e-05,
          "density_kg_m3": 1.664,
          "area_m2": 0.011414763383120502,
          "com_component_local": [
            4.200777535984378e-07,
            -0.011209611853085968,
            0.0004877363543175279
          ],
          "inertia_at_origin": {
            "ixx": 3.064312020146504e-05,
            "ixy": 8.383364271471236e-10,
            "ixz": -6.769800969104835e-11,
            "iyy": 1.3269205771176555e-05,
            "iyz": -3.310929290967888e-07,
            "izz": 2.6847864503144448e-05
          },
          "bbox_min": [
            -0.0178,
            -0.0386,
            -0.01925
          ],
          "bbox_max": [
            0.0178,
            0.012000000000000002,
            0.023849999999976355
          ],
          "material_name": "custom_materials_MX_28",
          "inertia_source": "api"
        }
      ],
      "collision_excluded_body_names": [],
      "collision_body_count": 1,
      "com_component_local": [
        4.2007775359843777e-07,
        -0.011209611853085968,
        0.00048773635431752796
      ],
      "com_global": [
        -0.06557656494758202,
        -0.12678658973397508,
        -0.017512282527104465
      ],
      "inertia_at_origin": {
        "ixx": 3.064312020146504e-05,
        "ixy": 8.383364271471236e-10,
        "ixz": -6.769800969104835e-11,
        "iyy": 1.3269205771176555e-05,
        "iyz": -3.310929290967888e-07,
        "izz": 2.6847864503144448e-05
      },
      "inertia_at_com": {
        "ixx": 2.1335522737497258e-05,
        "ixy": 4.90195336468428e-10,
        "ixz": -5.255020006292022e-11,
        "iyy": 1.3251618210632868e-05,
        "iyz": -7.353063512578483e-07,
        "izz": 1.755785457362733e-05
      },
      "bbox_size": [
        0.0356,
        0.050600000000000006,
        0.04309999999997635
      ],
      "bbox_min": [
        -0.0178,
        -0.0386,
        -0.01925
      ],
      "bbox_max": [
        0.0178,
        0.012000000000000002,
        0.023849999999976355
      ],
      "collision_bbox_size": [
        0.0356,
        0.050600000000000006,
        0.04309999999997635
      ],
      "collision_bbox_min": [
        -0.0178,
        -0.0386,
        -0.01925
      ],
      "collision_bbox_max": [
        0.0178,
        0.012000000000000002,
        0.023849999999976355
      ],
      "collision_volume_m3": 4.443055169272026e-05,
      "material_name": "custom_materials_MX_28",
      "appearance_name": "Opaque_255_255_255",
      "appearance_color_rgb": [
        1.0,
        1.0,
        1.0
      ]
    },
    "leg_1_coxa:1": {
      "full_path": "leg_1_coxa:1",
      "component_name": "leg_1_coxa",
      "clean_name": "leg_1_coxa",
      "path_segments": [
        "leg_1_coxa"
      ],
      "parent_path": null,
      "depth": 0,
      "is_subassembly": false,
      "child_count": 0,
      "is_frame_only": false,
      "is_collision_geometry": false,
      "collision_override": "",
      "local_transform": {
        "translation": [
          -0.10234653764703598,
          -0.15234653050258934,
          -0.01800001888144579
        ],
        "rotation": [
          -0.7071067811865466,
          0.7071067811865472,
          1.6265213365989802e-15,
          -0.707106781186546,
          -0.7071067811865456,
          3.1231036511671564e-16,
          1.4858446746469116e-15,
          -6.360648847279242e-16,
          0.9999999999999999
        ]
      },
      "transform2": {
        "translation": [
          -0.10234653764703598,
          -0.15234653050258934,
          -0.01800001888144579
        ],
        "rotation": [
          -0.7071067811865466,
          0.7071067811865472,
          1.6265213365989802e-15,
          -0.707106781186546,
          -0.7071067811865456,
          3.1231036511671564e-16,
          1.4858446746469116e-15,
          -6.360648847279242e-16,
          0.9999999999999999
        ]
      },
      "global_position": [
        -0.10234653764703598,
        -0.15234653050258934,
        -0.01800001888144579
      ],
      "global_transform": {
        "translation": [
          -0.10234653764703598,
          -0.15234653050258934,
          -0.01800001888144579
        ],
        "rotation": [
          1,
          0,
          0,
          0,
          1,
          0,
          0,
          0,
          1
        ]
      },
      "assembly_context_depth": 0,
      "mass_kg": 0.19296759097078428,
      "volume_m3": 2.4581858722392904e-05,
      "density_kg_m3": 7849.999999999999,
      "area_m2": 0.013843556348764972,
      "body_count": 1,
      "bodies": [
        {
          "name": "Body1",
          "exclude_from_collision": false,
          "mass_kg": 0.19296759097078428,
          "volume_m3": 2.4581858722392904e-05,
          "density_kg_m3": 7.85,
          "area_m2": 0.013843556348764972,
          "com_component_local": [
            -0.026008419043479752,
            1.8432000181070093e-07,
            -1.5542505835262149e-07
          ],
          "inertia_at_origin": {
            "ixx": 8.738330638448267e-05,
            "ixy": 1.1332485235259825e-09,
            "ixz": -1.1807316419570334e-09,
            "iyy": 0.00021793122109672641,
            "iyz": 1.075057760954845e-10,
            "izz": 0.00022030390781536176
          },
          "bbox_min": [
            -0.065,
            -0.024000000000000004,
            -0.024000000000000004
          ],
          "bbox_max": [
            0.014000000000000004,
            0.024000000000000004,
            0.024000000000000004
          ],
          "material_name": "Steel",
          "inertia_source": "api"
        }
      ],
      "collision_excluded_body_names": [],
      "collision_body_count": 1,
      "com_component_local": [
        -0.026008419043479752,
        1.8432000181070093e-07,
        -1.554250583526215e-07
      ],
      "com_global": [
        -0.12835495669051572,
        -0.15234634618258752,
        -0.018000174306504142
      ],
      "inertia_at_origin": {
        "ixx": 8.738330638448267e-05,
        "ixy": 1.1332485235259825e-09,
        "ixz": -1.1807316419570334e-09,
        "iyy": 0.00021793122109672641,
        "iyz": 1.075057760954845e-10,
        "izz": 0.00022030390781536176
      },
      "inertia_at_com": {
        "ixx": 8.738330637326529e-05,
        "ixy": 2.081866221374519e-10,
        "ixz": -4.006871617559043e-10,
        "iyy": 8.740063658620986e-05,
        "iyz": 1.0750024797015851e-10,
        "izz": 8.977332330295087e-05
      },
      "bbox_size": [
        0.079,
        0.04800000000000001,
        0.04800000000000001
      ],
      "bbox_min": [
        -0.065,
        -0.024000000000000004,
        -0.024000000000000004
      ],
      "bbox_max": [
        0.014000000000000004,
        0.024000000000000004,
        0.024000000000000004
      ],
      "collision_bbox_size": [
        0.079,
        0.04800000000000001,
        0.04800000000000001
      ],
      "collision_bbox_min": [
        -0.065,
        -0.024000000000000004,
        -0.024000000000000004
      ],
      "collision_bbox_max": [
        0.014000000000000004,
        0.024000000000000004,
        0.024000000000000004
      ],
      "collision_volume_m3": 2.4581858722392904e-05,
      "material_name": "Steel",
      "appearance_name": "Opaque_255_255_255",
      "appearance_color_rgb": [
        1.0,
        1.0,
        1.0
      ]
    },
    "leg_1_mx28_femur:1": {
      "full_path": "leg_1_mx28_femur:1",
      "component_name": "leg_1_mx28_femur",
      "clean_name": "leg_1_mx28_femur",
      "path_segments": [
        "leg_1_mx28_femur"
      ],
      "parent_path": null,
      "depth": 0,
      "is_subassembly": false,
      "child_count": 0,
      "is_frame_only": false,
      "is_collision_geometry": false,
      "collision_override": "",
      "local_transform": {
        "translation": [
          -0.10234653764705286,
          -0.1523465305025723,
          -0.018000018881445777
        ],
        "rotation": [
          2.0747292772682613e-15,
          0.7071067811865367,
          -0.7071067811865364,
          1.7555401576885288e-15,
          0.7071067811865364,
          0.7071067811865345,
          0.999999999999989,
          -1.3739009929736312e-15,
          5.365819832859635e-16
        ]
      },
      "transform2": {
        "translation": [
          -0.10234653764705286,
          -0.1523465305025723,
          -0.018000018881445777
        ],
        "rotation": [
          2.0747292772682613e-15,
          0.7071067811865367,
          -0.7071067811865364,
          1.7555401576885288e-15,
          0.7071067811865364,
          0.7071067811865345,
          0.999999999999989,
          -1.3739009929736312e-15,
          5.365819832859635e-16
        ]
      },
      "global_position": [
        -0.10234653764705286,
        -0.1523465305025723,
        -0.018000018881445777
      ],
      "global_transform": {
        "translation": [
          -0.10234653764705286,
          -0.1523465305025723,
          -0.018000018881445777
        ],
        "rotation": [
          1,
          0,
          0,
          0,
          1,
          0,
          0,
          0,
          1
        ]
      },
      "assembly_context_depth": 0,
      "mass_kg": 0.07393243801668652,
      "volume_m3": 4.443055169272026e-05,
      "density_kg_m3": 1664.0,
      "area_m2": 0.011414763383120502,
      "body_count": 1,
      "bodies": [
        {
          "name": "Body1",
          "exclude_from_collision": false,
          "mass_kg": 0.07393243801668652,
          "volume_m3": 4.443055169272026e-05,
          "density_kg_m3": 1.664,
          "area_m2": 0.011414763383120502,
          "com_component_local": [
            4.200777535984378e-07,
            -0.011209611853085968,
            0.0004877363543175279
          ],
          "inertia_at_origin": {
            "ixx": 3.064312020146504e-05,
            "ixy": 8.383364271471236e-10,
            "ixz": -6.769800969104835e-11,
            "iyy": 1.3269205771176555e-05,
            "iyz": -3.310929290967888e-07,
            "izz": 2.6847864503144448e-05
          },
          "bbox_min": [
            -0.0178,
            -0.0386,
            -0.01925
          ],
          "bbox_max": [
            0.0178,
            0.012000000000000002,
            0.023849999999976355
          ],
          "material_name": "custom_materials_MX_28",
          "inertia_source": "api"
        }
      ],
      "collision_excluded_body_names": [],
      "collision_body_count": 1,
      "com_component_local": [
        4.2007775359843777e-07,
        -0.011209611853085968,
        0.00048773635431752796
      ],
      "com_global": [
        -0.10234611756929926,
        -0.16355614235565827,
        -0.017512282527128248
      ],
      "inertia_at_origin": {
        "ixx": 3.064312020146504e-05,
        "ixy": 8.383364271471236e-10,
        "ixz": -6.769800969104835e-11,
        "iyy": 1.3269205771176555e-05,
        "iyz": -3.310929290967888e-07,
        "izz": 2.6847864503144448e-05
      },
      "inertia_at_com": {
        "ixx": 2.1335522737497258e-05,
        "ixy": 4.90195336468428e-10,
        "ixz": -5.255020006292022e-11,
        "iyy": 1.3251618210632868e-05,
        "iyz": -7.353063512578483e-07,
        "izz": 1.755785457362733e-05
      },
      "bbox_size": [
        0.0356,
        0.050600000000000006,
        0.04309999999997635
      ],
      "bbox_min": [
        -0.0178,
        -0.0386,
        -0.01925
      ],
      "bbox_max": [
        0.0178,
        0.012000000000000002,
        0.023849999999976355
      ],
      "collision_bbox_size": [
        0.0356,
        0.050600000000000006,
        0.04309999999997635
      ],
      "collision_bbox_min": [
        -0.0178,
        -0.0386,
        -0.01925
      ],
      "collision_bbox_max": [
        0.0178,
        0.012000000000000002,
        0.023849999999976355
      ],
      "collision_volume_m3": 4.443055169272026e-05,
      "material_name": "custom_materials_MX_28",
      "appearance_name": "Opaque_255_255_255",
      "appearance_color_rgb": [
        1.0,
        1.0,
        1.0
      ]
    },
    "leg_1_femur:1": {
      "full_path": "leg_1_femur:1",
      "component_name": "leg_1_femur",
      "clean_name": "leg_1_femur",
      "path_segments": [
        "leg_1_femur"
      ],
      "parent_path": null,
      "depth": 0,
      "is_subassembly": false,
      "child_count": 0,
      "is_frame_only": false,
      "is_collision_geometry": false,
      "collision_override": "",
      "local_transform": {
        "translation": [
          -0.12766096041352668,
          -0.17766095326905457,
          -0.01800001888145271
        ],
        "rotation": [
          -5.023759186428833e-15,
          -0.7071067811865991,
          -0.7071067811868206,
          1.0547118733938987e-15,
          -0.7071067811866857,
          0.707106781186819,
          -1.0000000000008131,
          -8.01581023779363e-14,
          6.96367327610356e-16
        ]
      },
      "transform2": {
        "translation": [
          -0.12766096041352668,
          -0.17766095326905457,
          -0.01800001888145271
        ],
        "rotation": [
          -5.023759186428833e-15,
          -0.7071067811865991,
          -0.7071067811868206,
          1.0547118733938987e-15,
          -0.7071067811866857,
          0.707106781186819,
          -1.0000000000008131,
          -8.01581023779363e-14,
          6.96367327610356e-16
        ]
      },
      "global_position": [
        -0.12766096041352668,
        -0.17766095326905457,
        -0.01800001888145271
      ],
      "global_transform": {
        "translation": [
          -0.12766096041352668,
          -0.17766095326905457,
          -0.01800001888145271
        ],
        "rotation": [
          1,
          0,
          0,
          0,
          1,
          0,
          0,
          0,
          1
        ]
      },
      "assembly_context_depth": 0,
      "mass_kg": 0.127033733766498,
      "volume_m3": 1.6182641244139878e-05,
      "density_kg_m3": 7849.999999999998,
      "area_m2": 0.009524369478841,
      "body_count": 1,
      "bodies": [
        {
          "name": "Body1",
          "exclude_from_collision": false,
          "mass_kg": 0.127033733766498,
          "volume_m3": 1.6182641244139878e-05,
          "density_kg_m3": 7.85,
          "area_m2": 0.009524369478841,
          "com_component_local": [
            0.0022134263071253695,
            0.011329210650337746,
            -1.819592683355274e-07
          ],
          "inertia_at_origin": {
            "ixx": 6.55194050712305e-05,
            "ixy": -8.253525323939304e-06,
            "ixz": 6.684992074958984e-12,
            "iyy": 5.19679767433369e-05,
            "iyz": -3.7153446033220124e-11,
            "izz": 4.448854370026901e-05
          },
          "bbox_min": [
            -0.017800000000000003,
            -0.003499999999999999,
            -0.024000000000000004
          ],
          "bbox_max": [
            0.027000000000000003,
            0.04280000000000001,
            0.024000000000000004
          ],
          "material_name": "Steel",
          "inertia_source": "api"
        }
      ],
      "collision_excluded_body_names": [],
      "collision_body_count": 1,
      "com_component_local": [
        0.0022134263071253695,
        0.011329210650337746,
        -1.819592683355274e-07
      ],
      "com_global": [
        -0.1254475341064013,
        -0.16633174261871683,
        -0.018000200840721046
      ],
      "inertia_at_origin": {
        "ixx": 6.55194050712305e-05,
        "ixy": -8.253525323939304e-06,
        "ixz": 6.684992074958984e-12,
        "iyy": 5.19679767433369e-05,
        "iyz": -3.7153446033220124e-11,
        "izz": 4.448854370026901e-05
      },
      "inertia_at_com": {
        "ixx": 4.9214496531004586e-05,
        "ixy": -5.067980046093879e-06,
        "ixz": -4.4478280097861606e-11,
        "iyy": 5.134560595460394e-05,
        "iyz": -2.990277565266378e-10,
        "izz": 2.7561264379722107e-05
      },
      "bbox_size": [
        0.044800000000000006,
        0.04630000000000001,
        0.04800000000000001
      ],
      "bbox_min": [
        -0.017800000000000003,
        -0.003499999999999999,
        -0.024000000000000004
      ],
      "bbox_max": [
        0.027000000000000003,
        0.04280000000000001,
        0.024000000000000004
      ],
      "collision_bbox_size": [
        0.044800000000000006,
        0.04630000000000001,
        0.04800000000000001
      ],
      "collision_bbox_min": [
        -0.017800000000000003,
        -0.003499999999999999,
        -0.024000000000000004
      ],
      "collision_bbox_max": [
        0.027000000000000003,
        0.04280000000000001,
        0.024000000000000004
      ],
      "collision_volume_m3": 1.6182641244139878e-05,
      "material_name": "Steel",
      "appearance_name": "Opaque_255_255_255",
      "appearance_color_rgb": [
        1.0,
        1.0,
        1.0
      ]
    },
    "leg_1_mx28_tibia:1": {
      "full_path": "leg_1_mx28_tibia:1",
      "component_name": "leg_1_mx28_tibia",
      "clean_name": "leg_1_mx28_tibia",
      "path_segments": [
        "leg_1_mx28_tibia"
      ],
      "parent_path": null,
      "depth": 0,
      "is_subassembly": false,
      "child_count": 0,
      "is_frame_only": false,
      "is_collision_geometry": false,
      "collision_override": "",
      "local_transform": {
        "translation": [
          -0.14816705706796074,
          -0.19816704992344583,
          -0.033000018881467225
        ],
        "rotation": [
          -0.45451947767187356,
          0.5416752204198351,
          -0.7071067811865405,
          -0.4545194776718747,
          0.5416752204198335,
          0.7071067811865387,
          0.7660444431191661,
          0.6427876096863007,
          5.922363052973109e-16
        ]
      },
      "transform2": {
        "translation": [
          -0.14816705706796074,
          -0.19816704992344583,
          -0.033000018881467225
        ],
        "rotation": [
          -0.45451947767187356,
          0.5416752204198351,
          -0.7071067811865405,
          -0.4545194776718747,
          0.5416752204198335,
          0.7071067811865387,
          0.7660444431191661,
          0.6427876096863007,
          5.922363052973109e-16
        ]
      },
      "global_position": [
        -0.14816705706796074,
        -0.19816704992344583,
        -0.033000018881467225
      ],
      "global_transform": {
        "translation": [
          -0.14816705706796074,
          -0.19816704992344583,
          -0.033000018881467225
        ],
        "rotation": [
          1,
          0,
          0,
          0,
          1,
          0,
          0,
          0,
          1
        ]
      },
      "assembly_context_depth": 0,
      "mass_kg": 0.07393243801668652,
      "volume_m3": 4.443055169272026e-05,
      "density_kg_m3": 1664.0,
      "area_m2": 0.011414763383120502,
      "body_count": 1,
      "bodies": [
        {
          "name": "Body1",
          "exclude_from_collision": false,
          "mass_kg": 0.07393243801668652,
          "volume_m3": 4.443055169272026e-05,
          "density_kg_m3": 1.664,
          "area_m2": 0.011414763383120502,
          "com_component_local": [
            4.200777535984378e-07,
            -0.011209611853085968,
            0.0004877363543175279
          ],
          "inertia_at_origin": {
            "ixx": 3.064312020146504e-05,
            "ixy": 8.383364271471236e-10,
            "ixz": -6.769800969104835e-11,
            "iyy": 1.3269205771176555e-05,
            "iyz": -3.310929290967888e-07,
            "izz": 2.6847864503144448e-05
          },
          "bbox_min": [
            -0.0178,
            -0.0386,
            -0.01925
          ],
          "bbox_max": [
            0.0178,
            0.012000000000000002,
            0.023849999999976355
          ],
          "material_name": "custom_materials_MX_28",
          "inertia_source": "api"
        }
      ],
      "collision_excluded_body_names": [],
      "collision_body_count": 1,
      "com_component_local": [
        4.2007775359843777e-07,
        -0.011209611853085968,
        0.00048773635431752796
      ],
      "com_global": [
        -0.14816663699020713,
        -0.2093766617765318,
        -0.032512282527149695
      ],
      "inertia_at_origin": {
        "ixx": 3.064312020146504e-05,
        "ixy": 8.383364271471236e-10,
        "ixz": -6.769800969104835e-11,
        "iyy": 1.3269205771176555e-05,
        "iyz": -3.310929290967888e-07,
        "izz": 2.6847864503144448e-05
      },
      "inertia_at_com": {
        "ixx": 2.1335522737497258e-05,
        "ixy": 4.90195336468428e-10,
        "ixz": -5.255020006292022e-11,
        "iyy": 1.3251618210632868e-05,
        "iyz": -7.353063512578483e-07,
        "izz": 1.755785457362733e-05
      },
      "bbox_size": [
        0.0356,
        0.050600000000000006,
        0.04309999999997635
      ],
      "bbox_min": [
        -0.0178,
        -0.0386,
        -0.01925
      ],
      "bbox_max": [
        0.0178,
        0.012000000000000002,
        0.023849999999976355
      ],
      "collision_bbox_size": [
        0.0356,
        0.050600000000000006,
        0.04309999999997635
      ],
      "collision_bbox_min": [
        -0.0178,
        -0.0386,
        -0.01925
      ],
      "collision_bbox_max": [
        0.0178,
        0.012000000000000002,
        0.023849999999976355
      ],
      "collision_volume_m3": 4.443055169272026e-05,
      "material_name": "custom_materials_MX_28",
      "appearance_name": "Opaque_255_255_255",
      "appearance_color_rgb": [
        1.0,
        1.0,
        1.0
      ]
    },
    "leg_1_tibia:1": {
      "full_path": "leg_1_tibia:1",
      "component_name": "leg_1_tibia",
      "clean_name": "leg_1_tibia",
      "path_segments": [
        "leg_1_tibia"
      ],
      "parent_path": null,
      "depth": 0,
      "is_subassembly": false,
      "child_count": 0,
      "is_frame_only": false,
      "is_collision_geometry": false,
      "collision_override": "",
      "local_transform": {
        "translation": [
          -0.1553713374995446,
          -0.2053713303550294,
          -0.041549094090294954
        ],
        "rotation": [
          0.5416752204198387,
          -0.4545194776718786,
          0.7071067811865466,
          0.5416752204198387,
          -0.4545194776718779,
          -0.7071067811865445,
          0.6427876096863063,
          0.766044443119173,
          -6.43415992326283e-16
        ]
      },
      "transform2": {
        "translation": [
          -0.1553713374995446,
          -0.2053713303550294,
          -0.041549094090294954
        ],
        "rotation": [
          0.5416752204198387,
          -0.4545194776718786,
          0.7071067811865466,
          0.5416752204198387,
          -0.4545194776718779,
          -0.7071067811865445,
          0.6427876096863063,
          0.766044443119173,
          -6.43415992326283e-16
        ]
      },
      "global_position": [
        -0.1553713374995446,
        -0.2053713303550294,
        -0.041549094090294954
      ],
      "global_transform": {
        "translation": [
          -0.1553713374995446,
          -0.2053713303550294,
          -0.041549094090294954
        ],
        "rotation": [
          1,
          0,
          0,
          0,
          1,
          0,
          0,
          0,
          1
        ]
      },
      "assembly_context_depth": 0,
      "mass_kg": 0.1549621557433106,
      "volume_m3": 1.9740402005517275e-05,
      "density_kg_m3": 7849.999999999999,
      "area_m2": 0.013946100110334836,
      "body_count": 1,
      "bodies": [
        {
          "name": "Body1",
          "exclude_from_collision": false,
          "mass_kg": 0.1549621557433106,
          "volume_m3": 1.9740402005517275e-05,
          "density_kg_m3": 7.85,
          "area_m2": 0.013946100110334836,
          "com_component_local": [
            -0.049790781215087086,
            -0.04345919754557046,
            1.2222149743907486e-06
          ],
          "inertia_at_origin": {
            "ixx": 0.0004970028524092283,
            "ixy": -0.0004149918059607703,
            "ixz": 3.784731927344502e-09,
            "iyy": 0.00047040428104951635,
            "iyz": 5.0514645814878635e-11,
            "izz": 0.0009071189511158744
          },
          "bbox_min": [
            -0.07458681936117756,
            -0.08618546884154363,
            -0.018000000000000002
          ],
          "bbox_max": [
            0.009487672052749172,
            0.018499999999999996,
            0.018000000000000002
          ],
          "material_name": "Steel",
          "inertia_source": "api"
        }
      ],
      "collision_excluded_body_names": [],
      "collision_body_count": 1,
      "com_component_local": [
        -0.049790781215087086,
        -0.04345919754557046,
        1.2222149743907486e-06
      ],
      "com_global": [
        -0.2051621187146317,
        -0.24883052790059987,
        -0.041547871875320566
      ],
      "inertia_at_origin": {
        "ixx": 0.0004970028524092283,
        "ixy": -0.0004149918059607703,
        "ixz": 3.784731927344502e-09,
        "iyy": 0.00047040428104951635,
        "iyz": 5.0514645814878635e-11,
        "izz": 0.0009071189511158744
      },
      "inertia_at_com": {
        "ixx": 0.00020432554174315272,
        "ixy": -7.967424941388967e-05,
        "ixz": -5.645496009054331e-09,
        "iyy": 8.623420777200991e-05,
        "iyz": -8.180529912761593e-09,
        "izz": 0.00023027156763526018
      },
      "bbox_size": [
        0.08407449141392673,
        0.10468546884154362,
        0.036000000000000004
      ],
      "bbox_min": [
        -0.07458681936117756,
        -0.08618546884154363,
        -0.018000000000000002
      ],
      "bbox_max": [
        0.009487672052749172,
        0.018499999999999996,
        0.018000000000000002
      ],
      "collision_bbox_size": [
        0.08407449141392673,
        0.10468546884154362,
        0.036000000000000004
      ],
      "collision_bbox_min": [
        -0.07458681936117756,
        -0.08618546884154363,
        -0.018000000000000002
      ],
      "collision_bbox_max": [
        0.009487672052749172,
        0.018499999999999996,
        0.018000000000000002
      ],
      "collision_volume_m3": 1.9740402005517275e-05,
      "material_name": "Steel",
      "appearance_name": "Opaque_255_255_255",
      "appearance_color_rgb": [
        1.0,
        1.0,
        1.0
      ]
    },
    "leg_2_mx28_coxa:1": {
      "full_path": "leg_2_mx28_coxa:1",
      "component_name": "leg_2_mx28_coxa",
      "clean_name": "leg_2_mx28_coxa",
      "path_segments": [
        "leg_2_mx28_coxa"
      ],
      "parent_path": null,
      "depth": 0,
      "is_subassembly": false,
      "child_count": 0,
      "is_frame_only": false,
      "is_collision_geometry": false,
      "collision_override": "",
      "local_transform": {
        "translation": [
          0.06557698108518982,
          -0.11557697946761475,
          -0.018000019541353832
        ],
        "rotation": [
          -0.7071067811865445,
          0.7071067811865455,
          -5.279811788609482e-16,
          -0.7071067811865457,
          -0.7071067811865455,
          -1.336977451664903e-17,
          -7.347265214093729e-15,
          -5.926249487669707e-15,
          0.9999999999999809
        ]
      },
      "transform2": {
        "translation": [
          0.06557698108518982,
          -0.11557697946761475,
